102816
105014
109724
118218
119875
122758
122819
123127
125066
125973
127716
13875
138783
1390
141540
14229
169780
180973
18509
19893
218321
226080
241240
24559
246131
25154
256439
256942
26271
266046
26980
27640
279836
296961
3053
3088
32065
34462
362856
369100
38721
409962
45388
45923
49842
606869
608210
609699
613327
628503
63878
6396
66847
673596
67574
681239
686673
698037
701852
702294
712807
713563
71423
715055
718781
719276
719344
719345
719627
721517
732517
733504
737754
740
743414
745750
747599
747971
747972
747973
747974
749226
750
750690
752
753082
754143
754230
755
755986
756645
757441
760766
761431
761432
762
763371
77213
79037
82151
85998
8806
92859
9706
